
/-------------------------------------------------
Version = v2
/ BOP0 in Mrovec et al, PRB-75-104119 (2007)
/-------------------------------------------------


bond           = W  W
valence        = d d
scaling        =  1.00000
ddSigma        = -1.9167 2.7411 1.0000 4.0000 4.0000 0.0500 0.0000
ddPi           =  0.8801 2.7411 1.0000 4.0000 4.0000 0.0500 0.0000
ddDelta        = -0.1037 2.7411 1.0000 4.0000 4.0000 0.0500 0.0000
ddSigmaOverlap =  0.000 0.000 0.000 0.000 0.000 0.000 0.000
ddPiOverlap    =  0.000 0.000 0.000 0.000 0.000 0.000 0.000
ddDeltaOverlap =  0.000 0.000 0.000 0.000 0.000 0.000 0.000
PairRepulsion  =  11.65 1.0000 2.0000 110.0000 2.0000 1.5000 3.3000 6.0000 0.0000 1.0000 0.0000 2.5000 25.00 3.000 0.000
EAMAttraction  =   -4.121069670 4.766538154 -1.288878926 5.900705372
EAMCoupling    =   4.350000000 4.300000000 3.150000000 3.100000000


bond           = Nb_v2  Nb_v2
valence        = d d
scaling        =  1.00000
ddSigma        = -1.6666 2.8586 1.0000 3.8000 3.8000 0.0500 0.0000
ddPi           =  0.7651 2.8586 1.0000 3.8000 3.8000 0.0500 0.0000
ddDelta        = -0.0911 2.8586 1.0000 3.8000 3.8000 0.0500 0.0000
ddSigmaOverlap =  0.000 0.000 0.000 0.000 0.000 0.000 0.000
ddPiOverlap    =  0.000 0.000 0.000 0.000 0.000 0.000 0.000
ddDeltaOverlap =  0.000 0.000 0.000 0.000 0.000 0.000 0.000
PairRepulsion  =  20.25 1.0000 2.0000 110.0000 2.0000 1.5000 3.5000 6.0000 0.0000 0.0000 0.000 0.0000
EAMAttraction  =   -1.599790282938 2.375997322657 -1.548706598433 4.432412841696
EAMCoupling    =   4.600000000000 4.450000000000 3.550000000000 3.250000000000  


bond           = Ta_v2  Ta_v2
valence        = d d
scaling        =  1.00000
ddSigma        = -1.8726 2.8629 1.0000 3.8000 3.8000 0.0500 0.0000
ddPi           =  0.8642 2.8629 1.0000 3.8000 3.8000 0.0500 0.0000
ddDelta        = -0.1027 2.8629 1.0000 3.8000 3.8000 0.0500 0.0000
ddSigmaOverlap =  0.000 0.000 0.000 0.000 0.000 0.000 0.000
ddPiOverlap    =  0.000 0.000 0.000 0.000 0.000 0.000 0.000
ddDeltaOverlap =  0.000 0.000 0.000 0.000 0.000 0.000 0.000
PairRepulsion  =  15.390 1.0000 2.0000 110.0000 2.0000 1.5000 3.5000 6.0000 0.0000 0.0000 0.0000 0.0000 0.0000 0.0000 0.000
EAMAttraction  =  -4.121069670 4.766538154 -1.288878926 5.900705372
EAMCoupling    =  4.350000000 4.300000000 3.150000000 3.100000000



